[17.601429492322197,78.12704781055346],
[17.601434274160066,78.12704821160732],
[17.60144002212435,78.1270481853508],
[17.601446441178894,78.1270485316178],
[17.601453072247825,78.1270489348607],
[17.601460025571892,78.1270496126866],
[17.601467227662987,78.12704999270623],
[17.6014751094338,78.12705045121201],
[17.601483808983932,78.12705091559397],
[17.601493367501035,78.12705149096521],
[17.601503633213547,78.12705213917124],
[17.601514325817142,78.12705281534703],
[17.601525134441854,78.12705358188963],
[17.601536282502,78.12705440515278],
[17.601547645935383,78.12705524895364],
[17.601559062121975,78.12705617710844],
[17.60157072604814,78.12705733229485],
[17.60158262648435,78.12705862420171],
[17.601594598289104,78.1270599364676],
[17.601606569428654,78.12706126114661],
[17.6016197554499,78.12706267496404],
[17.601632097346062,78.12706430190718],
[17.601643287260444,78.1270654353656],
[17.601656720522183,78.1270668118329],
[17.601669082053807,78.12706813652987],
[17.60168146828568,78.12706932605082],
[17.601693768502088,78.12707061990521],
[17.601706069912044,78.12707183674961],
[17.60171845100514,78.12707299035094],
[17.60173104520825,78.12707429744376],
[17.60174363498861,78.12707563959954],
[17.60175640686437,78.12707689160337],
[17.601769494758138,78.12707824852791],
[17.601782595665494,78.12707958380051],
[17.60179578915081,78.12708089415881],
[17.60180890457649,78.12708202339111],
[17.60182200755674,78.12708329744741],
[17.601835231893467,78.12708445309794],
[17.60184836838059,78.12708527898613],
[17.60186172799259,78.12708607004836],
[17.60187499315058,78.1270871004615],
[17.601888222554702,78.12708815327402],
[17.601901213953997,78.12708911179107],
[17.601914171065008,78.12708994550057],
[17.6019271146028,78.12709084766114],
[17.60194006962367,78.12709166158965],
[17.601953069464848,78.1270925834117],
[17.601966796159275,78.12709360244581],
[17.6019814919705,78.1270949033819],
[17.601996651471477,78.12709630929615],
[17.60201226693437,78.12709789304631],
[17.60202800658695,78.12709952360221],
[17.602043700212036,78.12710123050041],
[17.60205972080933,78.12710312595942],
[17.602075671172322,78.12710474329803],
[17.60209144390703,78.12710636031392],
[17.602107035637655,78.12710763381715],
[17.602122613071778,78.12710892422305],
[17.602138177192394,78.12711010065063],
[17.60215396628582,78.12711139584616],
[17.60217003610656,78.1271128209772],
[17.602185974559205,78.12711451342544],
[17.6022017959484,78.12711616472872],
[17.602217670423602,78.1271178871029],
[17.602233507435724,78.12711968885611],
[17.60224916137706,78.12712142907289],
[17.602264840109143,78.12712333440784],
[17.602280438431123,78.12712529836739],
[17.60229586521631,78.12712722355722],
[17.602311397835837,78.12712857709464],
[17.602326800194255,78.12712958242138],
[17.602342269420806,78.12713037307566],
[17.602357945502696,78.1271313210184],
[17.602373512452647,78.12713230039034],
[17.60238875615353,78.1271336887136],
[17.602403656866926,78.12713488672533],
[17.602418477334123,78.12713598265569],
[17.602433314517462,78.12713713162823],
[17.602448508166507,78.12713842828933],
[17.602463786199767,78.12713984196404],
[17.60247937972677,78.12714143565871],
[17.60249509508251,78.127143009434],
[17.6025108137714,78.12714450655157],
[17.60252663086709,78.12714577485775],
[17.602542309230426,78.1271469820951],
[17.602557630494577,78.12714798030503],
[17.60257279350138,78.1271488802839],
[17.60258890491178,78.12714983454768],
[17.602603813412752,78.12715087435755],
[17.602617747911488,78.12715205031756],
[17.602634537217178,78.12715379437842],
[17.602650447365917,78.12715570753413],
[17.60266639723269,78.12715739981921],
[17.6026823758934,78.12715898390503],
[17.602698436593943,78.12716024580926],
[17.602714549209093,78.12716165849497],
