[17.601321596660622,78.12661000780275],
[17.601326665387493,78.12660967341347],
[17.601333349165028,78.1266092909871],
[17.60134136753922,78.12660887650453],
[17.60135046941505,78.12660838524381],
[17.60136052937623,78.12660794620045],
[17.60137143884684,78.12660749429405],
[17.60138307342917,78.12660698471726],
[17.601395299953055,78.12660642434285],
[17.60140778865946,78.12660589936152],
[17.601420341186454,78.12660531773626],
[17.601433025084024,78.12660471827482],
[17.601445747320433,78.12660410919568],
[17.601458391819893,78.12660331058663],
[17.6014709317942,78.12660268009141],
[17.60148330657372,78.12660199226933],
[17.601495517858368,78.1266012677581],
[17.601507120893125,78.12660062882856],
[17.601518852175104,78.1266004558326],
[17.60153065332906,78.12660031006347],
[17.601542672489295,78.1266003343733],
[17.601555598790057,78.12660051571515],
[17.601569103222577,78.12660068640717],
[17.60158303985883,78.12660074586573],
[17.601597712510884,78.12660088189446],
[17.601613736639198,78.12660109599729],
[17.601630710521462,78.12660158044159],
[17.601648890855163,78.12660181845852],
[17.601669738654927,78.12660189454635],
[17.601689522160697,78.12660159302406],
[17.60170979063905,78.12660101869845],
[17.601730198509735,78.12660008767168],
[17.601750027539847,78.1265992395251],
[17.60176923675706,78.12659853752307],
[17.601788134643403,78.12659804830648],
[17.60180711349883,78.12659780987218],
[17.6018260278888,78.12659791527318],
[17.601845141654586,78.12659830217028],
[17.601864726475046,78.1265982417722],
[17.601884611500278,78.12659805189035],
[17.60190502917558,78.12659776171827],
[17.601925319408267,78.12659730833013],
[17.601945501805222,78.12659696517811],
[17.60196534766407,78.12659691310417],
[17.60198483556884,78.1265969324689],
[17.602004333773117,78.12659712823513],
[17.602023942053656,78.12659744972224],
[17.602043838116224,78.12659782827383],
[17.60206395687165,78.12659829097691],
[17.60208406730069,78.12659844282742],
[17.602104122922277,78.12659867295055],
[17.60212409294017,78.12659845528256],
[17.602143690614803,78.1265978347526],
[17.60216309592031,78.12659707989704],
[17.60218252521144,78.12659612800731],
[17.602201763109488,78.12659516888377],
[17.602220775918553,78.12659438668949],
[17.602239649797532,78.12659392219516],
[17.60225838113529,78.12659355016301],
[17.60227742234143,78.12659317872067],
[17.602296995988997,78.12659260016517],
[17.60231688814976,78.12659181432976],
[17.60233711908675,78.12659114654537],
[17.60235759040151,78.12659073273755],
[17.602378005234737,78.12659038763047],
[17.60239838623667,78.12659021444686],
[17.602418810938357,78.12659024775981],
[17.602439390277777,78.12659026910305],
[17.602460114518546,78.12659004120401],
[17.602481143098306,78.12658961323878],
[17.60250227273383,78.12658896367448],
[17.60252313747913,78.12658825751167],
[17.60254385939161,78.12658768453645],
[17.602564542682916,78.12658728583283],
[17.602585065748343,78.12658684068604],
[17.602605516707502,78.12658647256617],
[17.602626224598247,78.12658609721748],
[17.60264731257047,78.12658565931243],
[17.602668647257623,78.12658518842609],
[17.602690258297972,78.12658483536603],
[17.602711941299358,78.12658461537546],
[17.602733449689733,78.12658455693516],
[17.602754581395715,78.12658457677111],
[17.602775260847736,78.1265847150439],
[17.6027975256392,78.12658489976418],
[17.602818375967683,78.12658501357546],
[17.60283949109209,78.12658513461426],
[17.602860705680218,78.1265850116297],
[17.60288025694449,78.12658485973282],
