[17.601427754529237,78.1270212162238],
[17.601433027792723,78.12702168094832],
[17.601440418836383,78.12702229898689],
[17.601447663853513,78.12702254816217],
[17.601457668413374,78.12702357706442],
[17.601467843906356,78.1270246150174],
[17.601478862024898,78.12702585519723],
[17.60149004001586,78.12702691007851],
[17.601500385544515,78.12702775989662],
[17.60151273813401,78.12702873137594],
[17.601525292536085,78.12702968686139],
[17.601539026580717,78.12703059296926],
[17.601553410018617,78.12703156763544],
[17.60156836641797,78.12703253370097],
[17.60158391317319,78.12703350628448],
[17.60159995115578,78.12703431623665],
[17.601616262321542,78.12703508207],
[17.601632629987705,78.12703581835501],
[17.601649004549238,78.127036586589],
[17.601665432551936,78.12703752306614],
[17.601682195653275,78.12703856034238],
[17.601699248622523,78.12703968708253],
[17.60171665860968,78.12704102385463],
[17.60173457948096,78.12704246445554],
[17.601753041948633,78.12704398718127],
[17.601771854134785,78.12704575438535],
[17.601790948935346,78.1270475939791],
[17.6018101060047,78.12704942701035],
[17.601829216717576,78.12705120525959],
[17.601848423668716,78.12705305393831],
[17.601867854137947,78.12705504114875],
[17.601887309313835,78.12705701253468],
[17.601906871138116,78.12705895490183],
[17.601926905453492,78.12706093455775],
[17.60194730287543,78.12706295959737],
[17.601967971350565,78.12706501928827],
[17.60198839751062,78.12706711745119],
[17.60200815146486,78.1270689968036],
[17.60202735914069,78.12707086016718],
[17.602046161713265,78.12707263309336],
[17.602064910933255,78.12707422979128],
[17.602083534080965,78.12707581010325],
[17.60210230923742,78.12707738070758],
[17.602121181118882,78.12707889914985],
[17.602139975241226,78.12708041779443],
[17.602158736097373,78.12708189234849],
[17.602177578056452,78.12708330612081],
[17.602196500384636,78.12708474284584],
[17.602215833027177,78.12708615767109],
[17.602234126877583,78.12708752686542],
[17.602250552219846,78.12708867623876],
[17.60226652941911,78.1270898352811],
[17.602282797649522,78.1270909014362],
[17.602299564863245,78.12709213523722],
[17.602316728985773,78.12709347851978],
[17.602334279712295,78.12709497703507],
[17.602353954532045,78.12709670066917],
[17.60237263885202,78.12709830681747],
[17.60239172138836,78.12710001115039],
[17.60241077227445,78.12710176153571],
[17.602429484744835,78.12710334010829],
[17.602448079311543,78.12710506306203],
[17.602466748010798,78.12710694693385],
[17.602485502328467,78.12710901327111],
[17.6025047352332,78.12711110939259],
[17.60252416992595,78.12711306699732],
[17.602543403300817,78.1271149818451],
[17.602562038784363,78.12711693884333],
[17.602580272398487,78.12711857344628],
[17.60259838372964,78.12712016665755],
[17.602616434434033,78.12712169755271],
[17.60263395852888,78.12712342412289],
[17.602650687266035,78.12712494645754],
[17.60266717884597,78.12712634527077],
[17.60268432935716,78.1271276479987],
[17.602702614374774,78.12712890561231],
[17.60272210629628,78.12713032106328],
[17.602742400384635,78.12713192830199],
