[17.602362296228968,78.12710870925493],
[17.60236214135661,78.12710224586151],
[17.602361880703338,78.12709426321126],
[17.602362061794743,78.12708528483071],
[17.60236190554757,78.12707538215196],
[17.60236170362145,78.12706458648441],
[17.60236177486707,78.127053115466],
[17.60236194916929,78.12704071759163],
[17.60236201588319,78.12702653085216],
[17.60236199978065,78.12701080626888],
[17.602361813451434,78.12699382902969],
[17.60236145010484,78.1269768283264],
[17.60236103000504,78.12696020979708],
[17.60236069793363,78.12694355679263],
[17.602360468375384,78.12692696826514],
[17.602360357576618,78.12691064703257],
[17.602360377543317,78.12689428659316],
[17.602360358405182,78.12687784434787],
[17.60236015441484,78.12686138371392],
[17.60235983709735,78.126844921021],
[17.60235956396447,78.12682830987131],
[17.60235929538971,78.12681188468154],
[17.6023589172599,78.12679533733112],
[17.602358528807226,78.12677867821823],
[17.602358234742017,78.12676207114636],
[17.602357964945067,78.1267457596557],
[17.602357732709333,78.12672945395718],
[17.60235733216018,78.12671333700098],
[17.602356801709117,78.12669749097046],
[17.60235645164956,78.12668182790142],
[17.602356060534746,78.12666705886869],
[17.602355690306783,78.12665299087418],
[17.60235520221434,78.12663966255454],
[17.60235470109047,78.12662667921677],
[17.60235428830848,78.12661412678031],
[17.60235389460572,78.12660077287472],
