[17.602396768549855,78.12658079455807],
[17.602396045925904,78.12659332894467],
[17.602395348722116,78.12660765214031],
[17.60239478117363,78.12662154394675],
[17.602394358945524,78.12663427583765],
[17.602394142284982,78.12664692705535],
[17.60239405251466,78.12665866278566],
[17.60239414433848,78.1266702448226],
[17.6023941658776,78.12668240774155],
[17.60239421486014,78.12669511580407],
[17.60239425894071,78.12670836089455],
[17.60239437085873,78.12672198337611],
[17.602394538248515,78.12673585460574],
[17.6023947473349,78.12675013966246],
[17.602394956275123,78.12676540468996],
[17.60239521610762,78.12678211094126],
[17.602395517669763,78.12679977750014],
[17.602395750494686,78.12681798959596],
[17.602395983347787,78.12683629390337],
[17.602396169282954,78.12685446814619],
[17.602396272487866,78.12687250019492],
[17.60239637944983,78.12688964657184],
[17.602396328746767,78.12690602629264],
[17.602396181931855,78.12692180190759],
[17.602395973846992,78.12693701720603],
[17.60239582537915,78.12695178963207],
[17.602395667777166,78.1269662307607],
[17.602395549531906,78.12698047280696],
[17.602395452358746,78.12699478408508],
[17.602395324066393,78.12700929392363],
[17.602395162780113,78.12702623903779],
[17.602394987112284,78.12704151369411],
[17.602394746433013,78.12705899434636],
[17.60239455117405,78.12706549621004],
[17.602394535545997,78.12707382089862],
[17.602394229095058,78.12708763399993],
