[17.60268599685598,78.12661548856588],
[17.602685723952003,78.12661544853283],
[17.602681664733616,78.12661525312522],
[17.602671736361806,78.12661481902111],
[17.602658147343714,78.1266144100146],
[17.60264186762409,78.12661412831883],
[17.602622166334367,78.12661416567214],
[17.602600178094004,78.12661426948769],
[17.602577211330924,78.12661419642329],
[17.602553722640526,78.12661427472345],
[17.602529901466916,78.12661469117099],
[17.60250577118397,78.12661525888133],
[17.602481248132403,78.12661695576003],
[17.602456878851143,78.12662231126058],
[17.602434000805626,78.1266333374481],
[17.602414206746296,78.12664893889611],
[17.602392863976977,78.12666628088503],
[17.602371386572866,78.1266814202653],
[17.602348307309743,78.12669608025561],
[17.602324452371434,78.12671132172626],
[17.60230291194571,78.12672799590202],
[17.60228106842922,78.12675533174655],
[17.60226934313275,78.12679067116676],
[17.602269641163044,78.12683170748896],
[17.602274651315447,78.12687450056634],
[17.60227055047052,78.12691471051069],
[17.602247971776062,78.12695612489965],
[17.602211892230226,78.126976818201],
[17.602169429251084,78.12697657202024],
[17.602126400688025,78.12696062033795],
[17.602085775824953,78.12693603109037],
