[17.601850517384868,78.12682364035165],
[17.601863012574228,78.12682411903484],
[17.60187692770786,78.12682523466776],
[17.60189107787078,78.12682719714118],
[17.601904578985295,78.12683002174529],
[17.601916225902478,78.1268336633953],
[17.60192679480896,78.1268378752178],
[17.601936772576227,78.12684267192357],
[17.60194629330046,78.12684804638057],
[17.601955496293435,78.12685424096941],
[17.601964391881918,78.12686110490121],
[17.601973265705855,78.1268686594381],
[17.601982216130583,78.12687666991033],
[17.601991086249495,78.12688467350107],
[17.6020007973121,78.12689354298499],
[17.60201200220945,78.12690387395337],
[17.602023710266234,78.12691410591756],
[17.60203573667937,78.12692428241498],
[17.60204777742876,78.12693389874838],
[17.6020594400072,78.12694265293004],
[17.60207116090931,78.1269502436986],
[17.602081146266325,78.12695623623773],
[17.602089814771237,78.12696145884105],
[17.602099119201302,78.12696685081663],
[17.602108789240987,78.12697186419756],
[17.602120141729223,78.12697661068779],
[17.60213365696614,78.12698012684893],
[17.602147412814528,78.1269811840461],
[17.60216076122038,78.12697966359822],
[17.60217465179806,78.12697565302061],
[17.602190658828572,78.12696768318527],
[17.602205422088428,78.12695680406782],
[17.602218516322036,78.12694224298167],
[17.60222860559289,78.12692442956595],
[17.60223449282099,78.12690458742776],
[17.602235639447084,78.12688500540065],
[17.602234149346224,78.12686756026619],
[17.602232017609726,78.12685300846763],
[17.60223014493368,78.12684019743254],
[17.602228590113363,78.12682769611459],
[17.602227596257507,78.12681585239876],
[17.602227204614955,78.1268038151632],
[17.602227681747113,78.12679213537231],
[17.602229369891166,78.12678001587413],
[17.60223268194401,78.12676780880018],
[17.602237809237405,78.12675551637074],
[17.602245534557827,78.12674324856374],
[17.602255850172774,78.12673135453943],
[17.602268694564536,78.1267199955691],
[17.602283440869638,78.12670924512882],
[17.602299786371518,78.12669911730113],
[17.602317206444194,78.12668942020005],
[17.602334853306118,78.1266793923895],
[17.602351254411207,78.12666787850216],
[17.60236546631501,78.12665506174459],
[17.6023768801774,78.12664185114197],
[17.60238647679131,78.12662979646498],
[17.602395952391525,78.12661957329466],
[17.60240693384356,78.12661088662125],
[17.60242078368492,78.12660416017886],
[17.60243751601033,78.12660057485833],
[17.602456876784363,78.12660017014338],
[17.60247809803305,78.1266008713842],
[17.60250053688588,78.12660176481486],
[17.602523876834297,78.12660268717525],
[17.602546961001952,78.12660329037527],
[17.602569078521764,78.1266036998936],
[17.60259096244037,78.12660392134285],
[17.60261257493198,78.12660402033882],
[17.602634755147186,78.12660397496373],
[17.60265832892258,78.12660388692248],
[17.60268123744522,78.12660369673192],
[17.602703573198553,78.12660355553561],
[17.602725657769398,78.12660335820864],
[17.602747702664107,78.12660281540546],
[17.60276988718346,78.12660234706841],
[17.602791906603837,78.12660214735939],
[17.60281354819513,78.1266020408815],
[17.602833729530282,78.12660209238726],
